Precision:0.6987179487179487
Recall:0.6923076923076923
F1:0.6899766899766899
Accuracy:0.4218934911242604
Signal_Precision:0.6666666666666666
Signal_Recall:0.6666666666666666
Signal_F1:0.6666666666666666
Signal_Number:3
Cause_Precision:0.75
Cause_Recall:0.6
Cause_F1:0.6666666666666665
Cause_Number:5
Effect_Precision:0.6666666666666666
Effect_Recall:0.8
Effect_F1:0.7272727272727272
Effect_Number:5
