Recall:0.75
Precision:0.7343749999999999
F1:0.7356060606060606
Accuracy:0.6672364672364672
Number:9
Cause_Recall:0.7142857142857143
Cause_Precision:0.8214285714285714
Cause_F1:0.7619047619047618
Cause_Number:7
Effect_Recall:0.8571428571428571
Effect_Precision:0.7619047619047619
Effect_F1:0.8051948051948051
Effect_Number:7
Signal_Recall:0.5
Signal_Precision:0.3333333333333333
Signal_F1:0.4
Signal_Number:2
